{
  "dataset": "re10k",
  "scene": "ffa95c3b40609c76",
  "image_shape": [
    256,
    256
  ],
  "checkpoint": "globalsplat-re10k-16k-noopacity.ckpt",
  "experiment": "re10k_16k",
  "context_frames": [
    0,
    20,
    39,
    59,
    78,
    98,
    117,
    137,
    156,
    176,
    195,
    215
  ],
  "views": [
    {
      "image": "images/000.png",
      "intrinsic": [
        [
          279.9515075683594,
          0.0,
          128.0
        ],
        [
          0.0,
          280.0198669433594,
          128.0
        ],
        [
          0.0,
          0.0,
          1.0
        ]
      ],
      "c2w": [
        [
          0.9968940019607544,
          0.011773239821195602,
          -0.0778699442744255,
          -0.011257105506956577
        ],
        [
          -0.013810897246003151,
          0.9995747804641724,
          -0.025680866092443466,
          0.4981679618358612
        ],
        [
          0.07753447443246841,
          0.02667655609548092,
          0.9966327548027039,
          0.10589349269866943
        ],
        [
          0.0,
          0.0,
          0.0,
          1.0
        ]
      ]
    },
    {
      "image": "images/001.png",
      "intrinsic": [
        [
          279.9515075683594,
          0.0,
          128.0
        ],
        [
          0.0,
          280.0198669433594,
          128.0
        ],
        [
          0.0,
          0.0,
          1.0
        ]
      ],
      "c2w": [
        [
          0.9967709183692932,
          0.013376335613429546,
          -0.07917650789022446,
          -4.572814214043319e-05
        ],
        [
          -0.015094039961695671,
          0.9996625781059265,
          -0.021136034280061722,
          0.41432273387908936
        ],
        [
          0.07886705547571182,
          0.022262873128056526,
          0.9966366291046143,
          0.09153905510902405
        ],
        [
          0.0,
          0.0,
          0.0,
          1.0
        ]
      ]
    },
    {
      "image": "images/002.png",
      "intrinsic": [
        [
          279.9515075683594,
          0.0,
          128.0
        ],
        [
          0.0,
          280.0198669433594,
          128.0
        ],
        [
          0.0,
          0.0,
          1.0
        ]
      ],
      "c2w": [
        [
          0.9966405034065247,
          0.01468292623758316,
          -0.08057490736246109,
          0.012812433764338493
        ],
        [
          -0.016076315194368362,
          0.9997318387031555,
          -0.016671685501933098,
          0.32599177956581116
        ],
        [
          0.08030850440263748,
          0.017911022529006004,
          0.9966091513633728,
          0.07218491286039352
        ],
        [
          0.0,
          0.0,
          0.0,
          1.0
        ]
      ]
    },
    {
      "image": "images/003.png",
      "intrinsic": [
        [
          279.9515075683594,
          0.0,
          128.0
        ],
        [
          0.0,
          280.0198669433594,
          128.0
        ],
        [
          0.0,
          0.0,
          1.0
        ]
      ],
      "c2w": [
        [
          0.996536135673523,
          0.015795709565281868,
          -0.08164835721254349,
          0.01979205757379532
        ],
        [
          -0.01680542528629303,
          0.9997904300689697,
          -0.011694221757352352,
          0.22786441445350647
        ],
        [
          0.08144651353359222,
          0.01302584633231163,
          0.99659264087677,
          0.04892464727163315
        ],
        [
          0.0,
          0.0,
          0.0,
          1.0
        ]
      ]
    },
    {
      "image": "images/004.png",
      "intrinsic": [
        [
          279.9515075683594,
          0.0,
          128.0
        ],
        [
          0.0,
          280.0198669433594,
          128.0
        ],
        [
          0.0,
          0.0,
          1.0
        ]
      ],
      "c2w": [
        [
          0.9964852929115295,
          0.016982948407530785,
          -0.08202994614839554,
          0.01323716901242733
        ],
        [
          -0.017613181844353676,
          0.9998207092285156,
          -0.00696543836966157,
          0.13347573578357697
        ],
        [
          0.08189694583415985,
          0.008385763503611088,
          0.9966055154800415,
          0.028528964146971703
        ],
        [
          0.0,
          0.0,
          0.0,
          1.0
        ]
      ]
    },
    {
      "image": "images/005.png",
      "intrinsic": [
        [
          279.9515075683594,
          0.0,
          128.0
        ],
        [
          0.0,
          280.0198669433594,
          128.0
        ],
        [
          0.0,
          0.0,
          1.0
        ]
      ],
      "c2w": [
        [
          0.9972812533378601,
          0.01593419909477234,
          -0.07194733619689941,
          0.003882848657667637
        ],
        [
          -0.016165023669600487,
          0.9998658895492554,
          -0.002627076581120491,
          0.04317859932780266
        ],
        [
          0.07189581543207169,
          0.0037829631473869085,
          0.9974049925804138,
          0.010576032102108002
        ],
        [
          0.0,
          0.0,
          0.0,
          1.0
        ]
      ]
    },
    {
      "image": "images/006.png",
      "intrinsic": [
        [
          279.9515075683594,
          0.0,
          128.0
        ],
        [
          0.0,
          280.0198669433594,
          128.0
        ],
        [
          0.0,
          0.0,
          1.0
        ]
      ],
      "c2w": [
        [
          0.9990419149398804,
          0.009657392278313637,
          -0.042686205357313156,
          -0.009070804342627525
        ],
        [
          -0.009608070366084576,
          0.9999528527259827,
          0.0013604029081761837,
          -0.04532763734459877
        ],
        [
          0.04269733652472496,
          -0.0009489708463661373,
          0.9990876317024231,
          -0.008534234948456287
        ],
        [
          0.0,
          0.0,
          0.0,
          1.0
        ]
      ]
    },
    {
      "image": "images/007.png",
      "intrinsic": [
        [
          279.9515075683594,
          0.0,
          128.0
        ],
        [
          0.0,
          280.0198669433594,
          128.0
        ],
        [
          0.0,
          0.0,
          1.0
        ]
      ],
      "c2w": [
        [
          0.9999926686286926,
          0.0017074039205908775,
          -0.003436138853430748,
          -0.0076345414854586124
        ],
        [
          -0.0016869669780135155,
          0.9999809861183167,
          0.00594162056222558,
          -0.14196418225765228
        ],
        [
          0.003446223447099328,
          -0.005935778375715017,
          0.9999764561653137,
          -0.03035503625869751
        ],
        [
          0.0,
          0.0,
          0.0,
          1.0
        ]
      ]
    },
    {
      "image": "images/008.png",
      "intrinsic": [
        [
          279.9515075683594,
          0.0,
          128.0
        ],
        [
          0.0,
          280.0198669433594,
          128.0
        ],
        [
          0.0,
          0.0,
          1.0
        ]
      ],
      "c2w": [
        [
          0.9987513422966003,
          -0.008650930598378181,
          0.04920350760221481,
          -0.003299881238490343
        ],
        [
          0.008110002614557743,
          0.9999045133590698,
          0.011182704009115696,
          -0.23893454670906067
        ],
        [
          -0.0492955707013607,
          -0.010769699700176716,
          0.9987260699272156,
          -0.050704292953014374
        ],
        [
          0.0,
          0.0,
          0.0,
          1.0
        ]
      ]
    },
    {
      "image": "images/009.png",
      "intrinsic": [
        [
          279.9515075683594,
          0.0,
          128.0
        ],
        [
          0.0,
          280.0198669433594,
          128.0
        ],
        [
          0.0,
          0.0,
          1.0
        ]
      ],
      "c2w": [
        [
          0.9930338859558105,
          -0.022065484896302223,
          0.11574506759643555,
          -0.003996359650045633
        ],
        [
          0.020214630290865898,
          0.9996488094329834,
          0.017140433192253113,
          -0.32940420508384705
        ],
        [
          -0.11608260869979858,
          -0.014681276865303516,
          0.9931310415267944,
          -0.0737280398607254
        ],
        [
          -1.862645149230957e-09,
          0.0,
          0.0,
          1.0
        ]
      ]
    },
    {
      "image": "images/010.png",
      "intrinsic": [
        [
          279.9515075683594,
          0.0,
          128.0
        ],
        [
          0.0,
          280.0198669433594,
          128.0
        ],
        [
          0.0,
          0.0,
          1.0
        ]
      ],
      "c2w": [
        [
          0.9860454201698303,
          -0.031943682581186295,
          0.16338366270065308,
          -0.009023508056998253
        ],
        [
          0.028696930035948753,
          0.9993417263031006,
          0.022194262593984604,
          -0.40250164270401
        ],
        [
          -0.16398507356643677,
          -0.017195934429764748,
          0.986312985420227,
          -0.08913291990756989
        ],
        [
          -3.725290298461914e-09,
          -5.960464477539063e-08,
          -3.725290298461914e-09,
          1.0
        ]
      ]
    },
    {
      "image": "images/011.png",
      "intrinsic": [
        [
          279.9515075683594,
          0.0,
          128.0
        ],
        [
          0.0,
          280.0198669433594,
          128.0
        ],
        [
          0.0,
          0.0,
          1.0
        ]
      ],
      "c2w": [
        [
          0.9781083464622498,
          -0.04053615778684616,
          0.20411013066768646,
          -0.008454982191324234
        ],
        [
          0.035709235817193985,
          0.9989898800849915,
          0.027277953922748566,
          -0.4793848991394043
        ],
        [
          -0.20500968396663666,
          -0.019392171874642372,
          0.9785678386688232,
          -0.10477837175130844
        ],
        [
          0.0,
          5.960464477539063e-08,
          0.0,
          0.9999999403953552
        ]
      ]
    }
  ]
}