{
  "dataset": "re10k",
  "scene": "5aca87f95a9412c6",
  "image_shape": [
    256,
    256
  ],
  "checkpoint": "globalsplat-re10k-16k-noopacity.ckpt",
  "experiment": "re10k_16k",
  "context_frames": [
    0,
    13,
    26,
    39,
    52,
    65,
    77,
    90,
    103,
    116,
    129,
    142
  ],
  "views": [
    {
      "image": "images/000.png",
      "intrinsic": [
        [
          214.98338317871094,
          0.0,
          128.0
        ],
        [
          0.0,
          215.035888671875,
          128.0
        ],
        [
          0.0,
          0.0,
          1.0
        ]
      ],
      "c2w": [
        [
          0.999834418296814,
          0.0009256701450794935,
          -0.018172312527894974,
          -0.02671816386282444
        ],
        [
          -0.0008602084708400071,
          0.999993085861206,
          0.003609718754887581,
          0.024225203320384026
        ],
        [
          0.018175538629293442,
          -0.0035934876650571823,
          0.9998283386230469,
          -0.5299137234687805
        ],
        [
          0.0,
          0.0,
          0.0,
          1.0
        ]
      ]
    },
    {
      "image": "images/001.png",
      "intrinsic": [
        [
          214.98338317871094,
          0.0,
          128.0
        ],
        [
          0.0,
          215.035888671875,
          128.0
        ],
        [
          0.0,
          0.0,
          1.0
        ]
      ],
      "c2w": [
        [
          0.9995022416114807,
          0.005845287349075079,
          0.03099939599633217,
          -0.05364750325679779
        ],
        [
          -0.006008690223097801,
          0.9999685287475586,
          0.005180639680474997,
          0.021641774103045464
        ],
        [
          -0.030968166887760162,
          -0.005364326760172844,
          0.9995060563087463,
          -0.4164101779460907
        ],
        [
          0.0,
          0.0,
          0.0,
          1.0
        ]
      ]
    },
    {
      "image": "images/002.png",
      "intrinsic": [
        [
          214.98338317871094,
          0.0,
          128.0
        ],
        [
          0.0,
          215.035888671875,
          128.0
        ],
        [
          0.0,
          0.0,
          1.0
        ]
      ],
      "c2w": [
        [
          0.9990418553352356,
          0.0075763375498354435,
          0.04310300573706627,
          -0.05157165229320526
        ],
        [
          -0.007724421098828316,
          0.999964714050293,
          0.0032700886949896812,
          0.015623421408236027
        ],
        [
          -0.043076734989881516,
          -0.0035999026149511337,
          0.9990652799606323,
          -0.30992281436920166
        ],
        [
          0.0,
          0.0,
          0.0,
          1.0
        ]
      ]
    },
    {
      "image": "images/003.png",
      "intrinsic": [
        [
          214.98338317871094,
          0.0,
          128.0
        ],
        [
          0.0,
          215.035888671875,
          128.0
        ],
        [
          0.0,
          0.0,
          1.0
        ]
      ],
      "c2w": [
        [
          0.999349057674408,
          0.006987337023019791,
          0.03539195656776428,
          -0.033650074154138565
        ],
        [
          -0.007027500309050083,
          0.9999747276306152,
          0.0010106014087796211,
          0.006111967843025923
        ],
        [
          -0.03538402542471886,
          -0.0012586601078510284,
          0.9993730783462524,
          -0.20937730371952057
        ],
        [
          0.0,
          -9.313225746154785e-10,
          0.0,
          1.0
        ]
      ]
    },
    {
      "image": "images/004.png",
      "intrinsic": [
        [
          214.98338317871094,
          0.0,
          128.0
        ],
        [
          0.0,
          215.035888671875,
          128.0
        ],
        [
          0.0,
          0.0,
          1.0
        ]
      ],
      "c2w": [
        [
          0.9997968077659607,
          0.0024716989137232304,
          0.020005634054541588,
          -0.020235730335116386
        ],
        [
          -0.002410860965028405,
          0.9999922513961792,
          -0.0030645797960460186,
          -0.0009603697108104825
        ],
        [
          -0.020013032481074333,
          0.0030157268047332764,
          0.999795138835907,
          -0.11062260717153549
        ],
        [
          -1.4901161193847656e-08,
          0.0,
          0.0,
          1.0
        ]
      ]
    },
    {
      "image": "images/005.png",
      "intrinsic": [
        [
          214.98338317871094,
          0.0,
          128.0
        ],
        [
          0.0,
          215.035888671875,
          128.0
        ],
        [
          0.0,
          0.0,
          1.0
        ]
      ],
      "c2w": [
        [
          0.9999908804893494,
          -0.004230690188705921,
          -0.0005380403599701822,
          -0.004476218484342098
        ],
        [
          0.004226416349411011,
          0.999961256980896,
          -0.007713473401963711,
          -0.007521678227931261
        ],
        [
          0.0005706234951503575,
          0.007711129263043404,
          0.9999701380729675,
          -0.027301477268338203
        ],
        [
          0.0,
          0.0,
          -5.960464477539063e-08,
          0.9999999403953552
        ]
      ]
    },
    {
      "image": "images/006.png",
      "intrinsic": [
        [
          214.98338317871094,
          0.0,
          128.0
        ],
        [
          0.0,
          215.035888671875,
          128.0
        ],
        [
          0.0,
          0.0,
          1.0
        ]
      ],
      "c2w": [
        [
          0.9997820258140564,
          -0.006784361321479082,
          -0.019746243953704834,
          0.0138167142868042
        ],
        [
          0.006633770652115345,
          0.9999483823776245,
          -0.007681821472942829,
          -0.017840765416622162
        ],
        [
          0.019797347486019135,
          0.007549154572188854,
          0.9997754693031311,
          0.05339016020298004
        ],
        [
          0.0,
          1.1641532182693481e-10,
          0.0,
          1.0
        ]
      ]
    },
    {
      "image": "images/007.png",
      "intrinsic": [
        [
          214.98338317871094,
          0.0,
          128.0
        ],
        [
          0.0,
          215.035888671875,
          128.0
        ],
        [
          0.0,
          0.0,
          1.0
        ]
      ],
      "c2w": [
        [
          0.9994999766349792,
          -0.007228630129247904,
          -0.03077744133770466,
          0.022434428334236145
        ],
        [
          0.007069883402436972,
          0.9999610185623169,
          -0.005263574421405792,
          -0.016338124871253967
        ],
        [
          0.030814295634627342,
          0.00504335155710578,
          0.9995123147964478,
          0.14391596615314484
        ],
        [
          0.0,
          0.0,
          0.0,
          1.0
        ]
      ]
    },
    {
      "image": "images/008.png",
      "intrinsic": [
        [
          214.98338317871094,
          0.0,
          128.0
        ],
        [
          0.0,
          215.035888671875,
          128.0
        ],
        [
          0.0,
          0.0,
          1.0
        ]
      ],
      "c2w": [
        [
          0.9996874928474426,
          -0.008209829218685627,
          -0.02360885590314865,
          0.028392817825078964
        ],
        [
          0.008191937580704689,
          0.9999659657478333,
          -0.0008544156444258988,
          -0.01341225579380989
        ],
        [
          0.023615077137947083,
          0.0006607463001273572,
          0.9997208714485168,
          0.230104461312294
        ],
        [
          0.0,
          0.0,
          0.0,
          1.0
        ]
      ]
    },
    {
      "image": "images/009.png",
      "intrinsic": [
        [
          214.98338317871094,
          0.0,
          128.0
        ],
        [
          0.0,
          215.035888671875,
          128.0
        ],
        [
          0.0,
          0.0,
          1.0
        ]
      ],
      "c2w": [
        [
          0.9997817873954773,
          -0.0033495204988867044,
          -0.020614895969629288,
          0.0377986840903759
        ],
        [
          0.0033836006186902523,
          0.999992847442627,
          0.0016185152344405651,
          -0.004575772676616907
        ],
        [
          0.0206092968583107,
          -0.0016879162285476923,
          0.9997861981391907,
          0.31015098094940186
        ],
        [
          0.0,
          -4.656612873077393e-10,
          0.0,
          1.0
        ]
      ]
    },
    {
      "image": "images/010.png",
      "intrinsic": [
        [
          214.98338317871094,
          0.0,
          128.0
        ],
        [
          0.0,
          215.035888671875,
          128.0
        ],
        [
          0.0,
          0.0,
          1.0
        ]
      ],
      "c2w": [
        [
          0.9998630881309509,
          0.001518809236586094,
          -0.0164779145270586,
          0.04628255218267441
        ],
        [
          -0.0014312954153865576,
          0.9999848008155823,
          0.005321359261870384,
          -0.004099457059055567
        ],
        [
          0.01648576557636261,
          -0.005297043826431036,
          0.9998499751091003,
          0.39033573865890503
        ],
        [
          -7.450580596923828e-09,
          -9.313225746154785e-10,
          2.9802322387695312e-08,
          1.0
        ]
      ]
    },
    {
      "image": "images/011.png",
      "intrinsic": [
        [
          214.98338317871094,
          0.0,
          128.0
        ],
        [
          0.0,
          215.035888671875,
          128.0
        ],
        [
          0.0,
          0.0,
          1.0
        ]
      ],
      "c2w": [
        [
          0.9998803734779358,
          0.0054102614521980286,
          -0.014489058405160904,
          0.04974474757909775
        ],
        [
          -0.005324149038642645,
          0.9999678730964661,
          0.005975250154733658,
          -0.0011078439420089126
        ],
        [
          0.0145209189504385,
          -0.005897394381463528,
          0.9998772144317627,
          0.4668368399143219
        ],
        [
          -7.450580596923828e-09,
          0.0,
          2.9802322387695312e-08,
          1.0
        ]
      ]
    }
  ]
}