{
  "dataset": "re10k",
  "scene": "322261824c4a3003",
  "image_shape": [
    256,
    256
  ],
  "checkpoint": "globalsplat-re10k-16k-noopacity.ckpt",
  "experiment": "re10k_16k",
  "context_frames": [
    0,
    11,
    21,
    32,
    42,
    53,
    64,
    74,
    85
  ],
  "views": [
    {
      "image": "images/000.png",
      "intrinsic": [
        [
          227.25941467285156,
          0.0,
          128.0
        ],
        [
          0.0,
          227.31491088867188,
          128.0
        ],
        [
          0.0,
          0.0,
          1.0
        ]
      ],
      "c2w": [
        [
          0.9998546838760376,
          0.0003537617449183017,
          -0.017043491825461388,
          0.002297032857313752
        ],
        [
          -0.00031166625558398664,
          0.9999968409538269,
          0.0024725119583308697,
          0.005852182395756245
        ],
        [
          0.017044296488165855,
          -0.0024668395053595304,
          0.9998517632484436,
          -0.5036394596099854
        ],
        [
          0.0,
          0.0,
          0.0,
          1.0
        ]
      ]
    },
    {
      "image": "images/001.png",
      "intrinsic": [
        [
          227.25941467285156,
          0.0,
          128.0
        ],
        [
          0.0,
          227.31491088867188,
          128.0
        ],
        [
          0.0,
          0.0,
          1.0
        ]
      ],
      "c2w": [
        [
          0.9999254941940308,
          0.00024334527552127838,
          -0.01220833882689476,
          -0.009806538932025433
        ],
        [
          -0.00022463052300736308,
          0.9999988079071045,
          0.0015342526603490114,
          0.004076710902154446
        ],
        [
          0.012208702974021435,
          -0.001531395479105413,
          0.99992436170578,
          -0.36153462529182434
        ],
        [
          0.0,
          0.0,
          0.0,
          1.0
        ]
      ]
    },
    {
      "image": "images/002.png",
      "intrinsic": [
        [
          227.25941467285156,
          0.0,
          128.0
        ],
        [
          0.0,
          227.31491088867188,
          128.0
        ],
        [
          0.0,
          0.0,
          1.0
        ]
      ],
      "c2w": [
        [
          0.999976396560669,
          -9.408086771145463e-05,
          -0.006867694668471813,
          -0.012918264605104923
        ],
        [
          9.610821143724024e-05,
          1.0,
          0.0002948173205368221,
          0.007526753004640341
        ],
        [
          0.006867667194455862,
          -0.0002954707888420671,
          0.9999763369560242,
          -0.25176453590393066
        ],
        [
          0.0,
          0.0,
          0.0,
          1.0
        ]
      ]
    },
    {
      "image": "images/003.png",
      "intrinsic": [
        [
          227.25941467285156,
          0.0,
          128.0
        ],
        [
          0.0,
          227.31491088867188,
          128.0
        ],
        [
          0.0,
          0.0,
          1.0
        ]
      ],
      "c2w": [
        [
          0.9999992251396179,
          -0.0002928880276158452,
          -0.0011591165093705058,
          -0.01125909574329853
        ],
        [
          0.0002927408495452255,
          0.9999999403953552,
          -0.00012709830480162054,
          0.004897569306194782
        ],
        [
          0.0011591138318181038,
          0.00012675928883254528,
          0.999999463558197,
          -0.11774012446403503
        ],
        [
          0.0,
          4.656612873077393e-10,
          0.0,
          1.0
        ]
      ]
    },
    {
      "image": "images/004.png",
      "intrinsic": [
        [
          227.25941467285156,
          0.0,
          128.0
        ],
        [
          0.0,
          227.31491088867188,
          128.0
        ],
        [
          0.0,
          0.0,
          1.0
        ]
      ],
      "c2w": [
        [
          0.9999962449073792,
          -0.0003289904270786792,
          0.0027053554076701403,
          -0.0044701420702040195
        ],
        [
          0.000330234004650265,
          0.9999997615814209,
          -0.00045914590009488165,
          0.0016707460163161159
        ],
        [
          -0.002705205464735627,
          0.000460037961602211,
          0.9999962449073792,
          -0.004089927300810814
        ],
        [
          0.0,
          0.0,
          0.0,
          1.0
        ]
      ]
    },
    {
      "image": "images/005.png",
      "intrinsic": [
        [
          227.25941467285156,
          0.0,
          128.0
        ],
        [
          0.0,
          227.31491088867188,
          128.0
        ],
        [
          0.0,
          0.0,
          1.0
        ]
      ],
      "c2w": [
        [
          0.9999868273735046,
          0.0002976353862322867,
          0.005132670048624277,
          0.0019725642632693052
        ],
        [
          -0.0002943748258985579,
          0.9999997019767761,
          -0.0006360975676216185,
          0.0018177094170823693
        ],
        [
          -0.005132863763719797,
          0.0006345781148411334,
          0.9999865889549255,
          0.12335095554590225
        ],
        [
          0.0,
          0.0,
          -5.960464477539063e-08,
          0.9999999403953552
        ]
      ]
    },
    {
      "image": "images/006.png",
      "intrinsic": [
        [
          227.25941467285156,
          0.0,
          128.0
        ],
        [
          0.0,
          227.31491088867188,
          128.0
        ],
        [
          0.0,
          0.0,
          1.0
        ]
      ],
      "c2w": [
        [
          0.9999717473983765,
          -1.2342185300440178e-06,
          0.007526833098381758,
          0.005313642788678408
        ],
        [
          5.191719083086355e-06,
          0.9999998211860657,
          -0.0005257235025055707,
          -0.0044206129387021065
        ],
        [
          -0.007526814937591553,
          0.0005257477168925107,
          0.9999715685844421,
          0.25607213377952576
        ],
        [
          0.0,
          0.0,
          0.0,
          1.0
        ]
      ]
    },
    {
      "image": "images/007.png",
      "intrinsic": [
        [
          227.25941467285156,
          0.0,
          128.0
        ],
        [
          0.0,
          227.31491088867188,
          128.0
        ],
        [
          0.0,
          0.0,
          1.0
        ]
      ],
      "c2w": [
        [
          0.999955952167511,
          -8.266631630249321e-05,
          0.009378526359796524,
          0.010078535415232182
        ],
        [
          9.218481136485934e-05,
          0.9999994039535522,
          -0.0010144946863874793,
          -0.0075607867911458015
        ],
        [
          -0.00937845092266798,
          0.0010153145994991064,
          0.9999555349349976,
          0.3641347289085388
        ],
        [
          0.0,
          0.0,
          0.0,
          0.9999999403953552
        ]
      ]
    },
    {
      "image": "images/008.png",
      "intrinsic": [
        [
          227.25941467285156,
          0.0,
          128.0
        ],
        [
          0.0,
          227.31491088867188,
          128.0
        ],
        [
          0.0,
          0.0,
          1.0
        ]
      ],
      "c2w": [
        [
          0.9999315738677979,
          0.00011862882820423692,
          0.011699752882122993,
          0.027356857433915138
        ],
        [
          -0.00010805073543451726,
          0.9999995231628418,
          -0.0009046958293765783,
          -0.012996627017855644
        ],
        [
          -0.011699863709509373,
          0.0009033718379214406,
          0.9999311566352844,
          0.4958688020706177
        ],
        [
          0.0,
          0.0,
          0.0,
          1.0
        ]
      ]
    }
  ]
}